Algorithm: ES
Instance: products
Generations: 30
Number of bins used: 3
Number of items packed: 200
Final fitness: 3.337582853587963

============================================================
Detailed Packing Solution:
============================================================

  id    bin-loc    orientation    x    y    z    x'    y'    z'    weight
----  ---------  -------------  ---  ---  ---  ----  ----  ----  --------
 194          1              1    0    0    0   196   250   114        22
 133          1              4  196    0    0   332   176   278         2
 148          1              2  528    0    0   177   217   433         2
 184          1              3  705    0    0   379   247   109         2
  52          1              5  196  176    0   232   246   339         4
  94          1              3  705  247    0   244   198   117       280
 106          1              2  196  422    0   366   561   538         3
 121          1              4  705  445    0   265   109   199        33
   2          1              5  970  445    0   229   372   534        41
 110          1              2  705  554    0   237   201   485       247
 159          1              1  196  422  538   342   483   480         3
 138          1              5  949  247    0   193   179   280         2
  28          1              2  705  755    0   233   175   338       159
  57          1              5    0  250    0   134   254   308         2
  69          1              2  528    0  433   271   323   442        23
 113          1              3  705  930    0   351   248   209        98
  36          1              1  705  755  338   211   322   279         3
 143          1              5  196  983    0   241   183   253         3
  91          1              2  437  983    0   215   216   277        38
 150          1              3  705    0  109   383   209   181        10
  48          1              1  799    0  433   226   331   243       164
  66          1              3  196  176  339   316   216   159         5
 131          1              2  538  422  538   337   304   441         2
  44          1              2  196  905  538   385   210   524         2
  27          1              4  196    0  278   323    93   231       297
  16          1              2  196    0  509   258   276   491         2
  20          1              5  528  217    0   112   199   300       254
 181          1              4  875  422  538   257   318   175        31
  53          1              1    0  504    0   165   257   209        69
  54          1              3  705  247  117   220   151    66        39
 174          1              1  705  755  617   274   423   146       116
 140          1              2  970  817    0   217   111   276         7
 109          1              5    0  761    0   147   170   251        28
 117          1              6  562  422    0   125   276   247       108
  74          1              5    0  931    0   155   168   207        31
 119          1              2    0    0  114   193   146   274         2
  88          1              1    0  931  207   187   250   261        10
 130          1              3  799    0  676   293   209   259         2
  58          1              4  875  422  713   288   232   180        72
  17          1              2    0  504  209   149   112   251        49
 147          1              6    0    0  388   152   436   359         2
 183          1              2  799  209  676   242   162   381        26
  19          1              4  562  422  247   277    58   256        15
 193          1              3  705  755  763   368   246   161        26
   0          1              3  705  930  209   284   226   119        25
 146          1              2  989  930  209   208   155   280         2
 161          1              3  705    0  290   295   238    82         2
 182          1              1  528    0  875   235   278   108         2
  47          1              5  705  1001  763   275   177   256         5
 186          1              3  705  755  924   342   182   151        10
  31          1              1    0  504  460   171   282   256         3
  38          1              1  1000    0  290   185   261   142        22
 127          1              5  562  698    0   100   264   304       148
  21          1              3  196    0  1000   488   376   172         2
 172          1              5    0  504  716   142   276   335         6
  22          1              4  875  422  893   248   230   174         9
 195          1              1  538  422  979   252   322   188         2
  68          1              1    0  780  716   195   287   175         2
  13          1              2  970  817  276   222    90   306         4
 154          1              2  196  276  509   195   123   367         2
 196          1              4  705  247  183   227   145   173        19
  77          1              6    0    0  747   185   415   345         3
 168          1              5    0  780  891   179   224   295         2
  60          1              4  799    0  935   281   186   183         2
 118          1              6  1025    0  433   149   321   164        80
 142          1              6  196  422  1018   185   316   158         2
  85          1              1    0  931  468   163   261   125       139
  32          1              5  1073  755  763   121   303   413         2
 157          1              4  196  983  253   217   202   180        40
  70          1              3  196  738  1018   296   127   155        97
  64          1              5    0  616  209   149   137   178        12
 114          1              1  1056  930    0   135   167   150         6
  29          1              4    0  761  251   196   164   138        32
 176          1              2  562  698  304   124   230   139        38
 116          1              2  989  1085  209   171   113   248        13
 198          1              6  1092    0  676    87   297   218        16
   4          1              6  989  930  489   178   266   186        54
  49          1              5  562  480  247   127   208   288         2
  41          1              1  196  905  1062   175   287   106        42
 112          1              3  437  983  277   183   135   144        86
 188          1              2  437  1118  277   236    79   330        14
  14          1              4  705  1001  1019   293   142   177         2
 177          1              5  428  176    0    87   171   223         5
  50          1              3  371  905  1062   273   220   138         2
  10          1              2  538  726  538   138   147   269         2
  76          1              3  799  209  1057   345   199    94        75
  59          1              5  581  905  538   121   187   285        70
 179          1              5    0  786  460   166   134   214       149
 132          1              2  705  1077  338   178   113   240        25
 162          1              4  875  652  893   322   103   211         9
 139          1              5  1092    0  894    89   208   293         5
  30          1              6  581  905  823   103   263   194        82
 155          1              2    0  1004  891   174   168   239         2
 124          1              2  528  323  433   260    92   418         3
 123          2              1    0    0    0   323   530   179        11
 134          2              5  323    0    0   288   322   445        46
  33          2              5  611    0    0   344   441   570         2
  46          2              4  611  441    0   505   188   382         4
  62          2              2  323  322    0   269   284   444        98
 115          2              1  611  629    0   328   455   353        16
 108          2              1    0  530    0   222   456   571        17
 199          2              5  955    0    0   204   269   403        23
  65          2              5  323  606    0   265   271   360         9
   5          2              6  611  441  382   427   634   417        27
  39          2              2  939  629    0   225   207   354         4
 128          2              2    0  986    0   345   189   537       277
  75          2              1  939  836    0   252   347   191        81
  98          2              2    0    0  179   287   142   490        42
 180          2              6    0  142  179   240   341   234         2
  67          2              3  323  606  360   279   176   258        11
  26          2              1  955    0  403   242   382   184         5
  35          2              1    0  530  571   318   505   310        39
 129          2              3    0    0  669   504   262   172         4
 103          2              2  611    0  570   317   127   427         2
 156          2              5  955    0  587   236   419   482         2
  71          2              2  611  127  570   225   308   402         5
 111          2              4    0  262  669   505   219   357        10
  37          2              4  611  441  799   378   166   259        16
  45          2              6    0  142  413   318   344   240        59
  34          2              4    0  1035  571   308   126   186         2
 149          2              5    0  1035  757   391   149   292         2
 101          2              6  611  607  799   306   352   190        46
 166          2              6  323    0  445   244   387   215         8
 104          2              4  611  959  799   371   128   264        20
  78          2              5    0    0  841   299   195   254         3
 197          2              3    0  530  881   320   156   205         2
 191          2              3    0  686  881   412   256   222        99
 145          2              3  299    0  841   303   241   241        41
 190          2              4  323  782  360   278   129   190         2
 170          2              4  611  127  972   330   204   212         4
  80          2              2  345  986    0   257   136   316        63
 169          2              5  345  986  316   146   184   362         2
  24          2              1  611  441  1058   397   513   133        18
   8          2              5  323  782  550   177   199   324         2
   6          2              3    0  262  1026   304   204   144        11
 171          2              4  611  1075  382   358   123   280         2
  96          2              1  989  441  799   198   395   146         3
  40          2              1  955    0  1069   231   365   126         2
  82          2              1  989  836  799   166   246   241         2
 153          2              5  1038  441  382   159   281   349         2
 126          2              3  955  269    0   211   163   204        17
  23          2              5  323  606  618   197   176   228        26
  61          2              6  939  836  191   230   216   181         8
  11          2              6  222  530    0   100   431   263        14
 151          2              5  1038  722  382   122   266   295         2
 135          2              5  323  387  445   259   195   224         2
   3          2              4  304  262  1026   295   232   134        31
 100          2              6  412  686  881   190   346   163         2
  18          2              4  939  1052  191   221   118   152        12
 120          2              1    0  686  1103   212   276    92         2
  97          2              2  320  530  881   240   118   252         2
  15          2              4  955  269  204   245   164   187         4
   7          2              5  1038  988  382   162   189   251        19
  56          3              2    0    0    0   381   223   450         2
  51          3              2  381    0    0   296   179   363         9
 136          3              5  381  179    0   586   341   434        88
 158          3              3    0  223    0   310   210   247         2
 163          3              1    0  433    0   322   508   275        86
  83          3              6  967  179    0   164   649   302        22
   9          3              2  677    0    0   291   165   409         2
  42          3              4  381  520    0   291   216   229        39
 187          3              3  381  736    0   463   331   155        32
 164          3              1  381  520  229   309   497   254         6
 167          3              1    0  433  275   332   519   179         2
  84          3              1  690  520  229   269   367   185        44
  12          3              2  690  887  229   282   226   304         6
 175          3              3    0  941    0   262   173   254         2
  72          3              1    0  433  454   379   478   127         2
  89          3              5  972  887  229   216   296   410         2
 141          3              5  967  179  302   123   251   336        10
  63          3              1  690  520  414   254   329   119         8
 122          3              1  967  430  302   145   313   257         2
 185          3              3  672  520    0   279   158   152         4
  79          3              6  967  828    0   176   269   185        10
  43          3              4    0  223  247   369   209   238        83
 189          3              1  381  179  434   233   319   179         2
 137          3              2  614  179  434   206   262   271       115
  92          3              3    0  952  275   240   198   195         2
 105          3              1    0  952  470   153   228   264         6
   1          3              4  381  1017  229   299   137   207        90
  99          3              2  381    0  363   246   164   294         6
 160          3              2  677    0  409   282   177   334         2
 152          3              1  381  520  483   237   323   197        34
  95          3              1  381  843  483   183   324   161         3
 107          3              1    0  433  581   282   366   225         2
 165          3              4  381  843  644   482   195   176         2
  25          3              1  614  179  705   295   358   235        15
  86          3              3  614  537  705   368   231   225         2
  73          3              1  381    0  657   185   382   177        12
  81          3              1    0  433  806   306   503    98        14
 178          3              5  153  952  470   214   233   270         6
  90          3              1    0  433  904   249   420   149         2
  87          3              4    0    0  450   348   189   286         2
 173          3              6  820  179  434   133   318   223         3
 125          3              3  690  520  533   271   248   124         5
 144          3              3  381  843  820   455   233   265        27
  93          3              3    0    0  736   368   329   162         5
 192          3              1  306  433  806   235   386   214         2
 102          3              2  968    0    0   229   179   338        30
  55          3              4    0  223  485   281   154   179         2
