Algorithm: PSO
Instance: products
Generations: 30
Number of bins used: 3
Number of items packed: 200
Final fitness: 3.337582853587963

============================================================
Detailed Packing Solution:
============================================================

  id    bin-loc    orientation    x    y    z    x'    y'    z'    weight
----  ---------  -------------  ---  ---  ---  ----  ----  ----  --------
 109          1              6    0    0    0   147   251   170        28
 194          1              6  147    0    0   114   250   196        22
  44          1              6  261    0    0   210   524   385         2
 141          1              2  471    0    0   251   123   336        10
 139          1              5  722    0    0    89   208   293         5
  23          1              6  811    0    0   197   228   176        26
 182          1              1  471  123    0   235   278   108         2
 169          1              5  1008    0    0   146   184   362         2
  28          1              4  811  228    0   338   175   233       159
 190          1              3  471  401    0   278   190   129         2
  91          1              5    0  251    0   216   215   277        38
  89          1              5  811  403    0   216   296   410         2
  55          1              2    0  466    0   179   154   281         2
  26          1              1  471  591    0   242   382   184         5
 198          1              6  1027  403    0    87   297   218        16
 125          1              3    0  620    0   271   248   124         5
 131          1              3    0  620  124   441   337   304         2
 144          1              2  471  123  108   233   265   455        27
  64          1              4  811  699    0   178   149   137        12
 118          1              6  1027  700    0   149   321   164        80
  79          1              6  811  848    0   176   269   185        10
 100          1              6  471  591  184   190   346   163         2
  97          1              2  471  973    0   240   118   252         2
 156          1              5  471  591  347   236   419   482         2
  85          1              1  1027  700  164   163   261   125       139
 107          1              6  722    0  293   225   366   282         2
 111          1              3  471  591  829   505   357   219        10
  40          1              6  1027  700  289   126   365   231         2
  76          1              4    0  957  124   345    94   199        75
  27          1              2  471  1091    0   231    93   323       297
  42          1              5  811  848  185   216   229   291        39
 176          1              2  345  957  124   124   230   139        38
  83          1              2  471  401  129   302   164   649        22
 186          1              1  1008    0  362   182   342   151        10
  30          1              6  1027  403  218   103   263   194        82
  37          1              5  261    0  385   166   259   378        16
  99          1              1    0  620  428   246   294   164         6
 148          1              6  246  620  428   217   433   177         2
 117          1              1  471  123  563   247   276   125       108
  15          1              3    0  251  277   245   187   164         4
 173          1              6  261  259  385   133   318   223         3
 110          1              5    0  957  323   201   237   485       247
 114          1              2  1027  1021    0   135   150   167         6
 188          1              5  713  591    0    79   236   330        14
 189          1              6  811  403  410   179   319   233         2
 113          1              1    0  251  441   248   351   209        98
 168          1              2  471  1010  347   224   179   295         2
  93          1              3  722    0  575   368   329   162         5
   2          1              5    0  251  650   229   372   534        41
 167          1              3  261    0  763   519   332   179         2
 121          1              2  811  699  137   199   109   265        33
 143          1              5  471  1010  642   241   183   253         3
 119          1              2  246  1053  428   193   146   274         2
  22          1              5  712  1010  642   230   174   248         9
 123          1              2  811  403  643   323   179   530        11
  84          1              1  811  582  643   269   367   185        44
  67          1              2  246  620  605   176   258   279        11
  78          1              4  780    0  763   254   299   195         3
 137          1              2    0  623  650   206   262   271       115
 158          1              3    0  957  808   310   210   247         2
 181          1              3  942  1010  642   257   175   318        31
  36          1              1  976  591  829   211   322   279         3
 183          1              5  1034    0  763   162   242   381        26
 120          1              2  811  1077  185   212    92   276         2
 149          1              6    0  623  921   391   292   149         2
  75          1              3  261    0  942   347   252   191        81
   9          1              3  261  252  942   409   291   165         2
  49          1              1  811  848  476   208   288   127         2
  70          1              1  1027  403  412   127   296   155        97
   7          1              2  712  1010  890   189   162   251        19
 196          1              3  471  401  778   227   173   145        19
 116          1              1  271  620    0   171   248   113        13
  14          1              3  471  591  1048   293   177   142         2
  82          1              4  780    0  958   246   241   166         2
 126          1              1  608    0  942   163   211   204        17
 112          1              6    0    0  170   144   183   135        86
 154          1              5    0    0  305   123   195   367         2
  20          1              3    0  868    0   300   199   112       254
   3          1              6  471  768  1048   232   295   134        31
 124          1              4  780  299  763   418    92   260         3
  95          1              5    0    0  672   161   183   324         3
 185          1              2  310  957  808   158   152   279         4
 177          1              1  300  868    0   171   223    87         5
   1          1              1  261  259  608   207   299   137        90
  18          1              3    0  466  281   221   152   118        12
  61          1              3  942  1010  960   216   181   230         8
  38          1              1  261  332  763   185   261   142        22
  17          1              3    0  1051  124   251   149   112        49
 155          1              4    0    0  996   239   168   174         2
 179          1              6  764  591  1048   166   214   134       149
  94          1              5  123    0  305   117   198   244       280
 151          1              3    0  623  1070   295   266   122         2
  29          1              5  246  878  605   164   138   196        32
  19          1              1    0  889  1070   256   277    58        15
 132          1              4  471    0  336   240   113   178        25
 161          1              5  713  827    0    82   238   295         2
  13          1              3  261  252  1107   306   222    90         4
  54          1              2  261  524    0   151    66   220        39
 127          1              6  707  591  347   100   304   264       148
 187          2              2    0    0    0   331   155   463        32
  21          2              6  331    0    0   172   488   376         2
 108          2              3  503    0    0   456   222   571        17
 163          2              6    0  155    0   275   508   322        86
   8          2              2  959    0    0   199   177   324         2
  71          2              1  959  177    0   225   402   308         5
  45          2              1  503  222    0   240   344   318        59
  56          2              2  503  566    0   381   223   450         2
 145          2              3    0  663    0   303   241   241        41
   5          2              4  503  566  450   634   427   417        27
  39          2              2  959  579    0   225   207   354         4
  90          2              2  503  789    0   249   149   420         2
  77          2              1    0  663  241   345   415   185         3
 165          2              1  303  663    0   176   482   195         2
 199          2              6  959  786    0   204   403   269        23
 128          2              2  503  222  318   345   189   537       277
  87          2              4  503  938    0   348   189   286         2
 102          2              4  848  222  318   338   179   229        30
  51          2              5    0  155  322   179   296   363         9
 146          2              6  743  222    0   155   280   208         2
  25          2              3    0  663  426   358   295   235        15
  35          2              4  503  222  855   505   310   318        39
  80          2              3  503  938  286   316   257   136        63
 174          2              2  848  401  318   274   146   423       116
 133          2              6    0  663  661   176   332   278         2
 104          2              6  179  155  322   128   371   264        20
 191          2              5  179  155  586   222   256   412        99
 172          2              6  358  663  426   142   335   276         6
  52          2              3  503  566  867   339   246   232         4
  16          2              1  842  566  867   258   491   276         2
  53          2              2    0  451  322   165   209   257        69
 160          2              1  503  812  867   282   334   177         2
 101          2              6    0  663  939   306   352   190        46
  63          2              4    0  1078  241   329   119   254         8
  47          2              2  176  663  661   177   275   256         5
  60          2              2  959    0  324   183   186   281         2
 180          2              2  179  411  586   234   240   341         2
  68          2              2  358  998  426   195   175   287         2
  58          2              6    0  904    0   232   288   180        72
 157          2              2  553  998  426   180   202   217        40
  11          2              2  503  411  318   263   100   431        14
 122          2              1    0  155  685   145   313   257         2
   6          2              2  752  789    0   204   144   304        11
  74          2              6  345  663  241   155   207   168        31
 197          2              2  503    0  571   156   205   320         2
  57          2              5  358  663  702   134   254   308         2
  10          2              6  345  870  241   147   269   138         2
 193          2              6  959    0  605   161   368   246        26
  98          2              1  179  155  998   287   490   142        42
  81          2              2    0    0  463   306    98   503        14
 192          2              4  503    0  891   386   214   235         2
   0          2              2  733  998  426   226   119   284        25
  31          2              2  1008  222  855   171   256   282         3
  96          2              5  959  998  426   146   198   395         3
  73          2              6    0  155  942   177   382   185        12
 105          2              3  659    0  571   228   153   264         6
  50          2              4    0  995  661   273   138   220         2
  41          2              3  819  938  286   287   175   106        42
 138          2              2  959    0  851   179   193   280         2
  59          2              5  358  998  713   121   187   285        70
 162          2              1  743  222  208   211   322   103         9
 175          2              3    0  1015  939   262   173   254         2
  34          2              2  306    0  463   186   126   308         2
 159          3              6    0    0    0   480   483   342         3
 134          3              2  480    0    0   322   288   445        46
  62          3              6  802    0    0   284   444   269        98
 136          3              4    0  483    0   434   586   341        88
 166          3              4  802  444    0   387   244   215         8
  86          3              5  480  288    0   225   231   368         2
 153          3              6  480  519    0   159   349   281         2
  48          3              5  802  688    0   243   226   331       164
  72          3              1  802    0  269   379   478   127         2
 115          3              2  802  688  331   328   353   455        16
  46          3              4  480    0  445   505   188   382         4
 171          3              6  639  519    0   123   358   280         2
 130          3              6  480  519  281   259   293   209         2
 150          3              6  480  812  281   181   383   209        10
 103          3              1    0  483  341   317   427   127         2
  33          3              2    0    0  342   441   344   570         2
  92          3              1  802  914    0   198   240   195         2
 170          3              1  985    0  445   212   330   204         4
 152          3              5  1000  914    0   197   237   323        34
 106          3              6  480    0  827   561   538   366         3
  43          3              6    0  483  468   209   369   238        83
 129          3              3  480  188  445   504   262   172         4
 142          3              2  802  478  269   158   185   316         2
 147          3              6  317  483  341   152   436   359         2
 164          3              6  480  519  490   254   497   309         6
  24          3              2  802  1041  331   397   133   513        18
  69          3              2    0  852  468   271   323   442        23
 195          3              6  985  330  445   188   322   252         2
  66          3              2  480  1016  490   216   159   316         5
   4          3              3  480  188  617   266   186   178        54
 135          3              6    0  483  706   259   224   195         2
  65          3              4  802  688  786   360   265   271         9
 178          3              6  259  483  706   214   270   233         6
  32          3              6  1041    0  827   121   413   303         2
 184          3              5  317  919  341   109   247   379         2
 140          3              5  1045  688    0   111   217   276         7
  12          3              1  480  538  827   282   304   226         6
  88          3              2  480  842  827   187   261   250        10
